1789532424.740349293 -0.001587 -0.001068 -0.000140 0.005984 0.005110 -0.000011 0.999969
1789532425.440386295 -0.041201 0.027887 0.001804 0.004703 0.009930 -0.005924 0.999922
1789532426.045287371 0.371931 0.059602 -0.002745 0.003632 0.003627 -0.006695 0.999964
1789532426.640541315 0.811436 0.093375 0.003000 0.005056 0.003930 -0.012768 0.999898
1789532427.140304327 1.260152 0.113259 0.007976 0.006232 0.000225 -0.011660 0.999913
1789532427.440176487 1.578485 0.123579 0.011603 0.006398 -0.000371 -0.013732 0.999885
1789532428.044676304 2.019164 0.144286 0.010007 0.006920 -0.018022 -0.010992 0.999753
1789532428.540457249 2.309974 0.148130 0.021058 0.021917 -0.022088 0.148955 0.988354
1789532429.244700193 2.610468 0.192987 0.037098 0.005415 0.000940 0.139327 0.990231
1789532429.740578651 2.796579 0.255369 0.028200 0.004153 -0.009751 0.157639 0.987440
1789532430.340828419 3.124772 0.379492 0.028025 0.013873 -0.018889 0.212719 0.976832
1789532430.940911531 3.469068 0.530535 0.037982 0.016171 -0.017730 0.211470 0.977090
1789532431.540769339 3.749268 0.627614 0.041767 0.007678 0.004179 0.214226 0.976745
1789532432.045127392 4.038921 0.739535 0.046241 0.006464 0.005485 0.219228 0.975637
1789532432.440161467 4.316841 0.857765 0.050263 0.007128 0.002387 0.219855 0.975504
1789532432.940812588 4.667537 1.012205 0.058396 0.008364 -0.002554 0.225157 0.974283
1789532433.540782452 5.097340 1.208308 0.067177 0.008508 0.000223 0.233095 0.972417
1789532434.044863462 5.468794 1.383701 0.073371 0.006431 -0.000163 0.236263 0.971668
1789532434.840917349 6.057270 1.661744 0.084303 0.005752 0.000863 0.241356 0.970419
1789532435.245808363 6.331399 1.792956 0.090424 0.007758 0.001174 0.246213 0.969184
1789532435.740774393 6.651123 1.948328 0.097507 0.009575 0.002020 0.250927 0.967957
1789532436.044630527 6.865247 2.057266 0.101277 0.009331 0.001163 0.252843 0.967462
1789532436.640294313 7.221565 2.247898 0.097001 0.014562 -0.018980 0.238438 0.970863
1789532436.940628290 7.358052 2.320501 0.104000 0.000417 -0.012907 0.176768 0.984168
1789532437.540191412 7.701568 2.415277 0.115432 0.009829 -0.000648 0.137576 0.990442
1789532438.045022488 8.042746 2.494828 0.102373 0.010397 -0.012759 0.093704 0.995464
1789532438.440895319 8.307652 2.554516 0.116387 0.005819 0.000897 0.133591 0.991019
1789532439.044509172 8.712999 2.664219 0.107287 0.007996 -0.014244 0.101512 0.994700
1789532439.640156507 9.095582 2.679031 0.108337 0.004549 -0.020306 -0.030905 0.999306
1789532440.141540289 9.371163 2.675584 0.123430 -0.003049 -0.026857 -0.060691 0.997791
1789532440.740690470 9.673658 2.660192 0.130882 0.009587 -0.003990 -0.062419 0.997996
1789532441.340356588 9.982629 2.640532 0.132477 0.009032 -0.011427 -0.068580 0.997539
1789532441.840956450 10.257422 2.607575 0.141066 0.009907 -0.005571 -0.063498 0.997917
1789532442.245221376 10.493510 2.573563 0.146043 0.010236 -0.004344 -0.063875 0.997896
1789532443.045301437 10.955205 2.496619 0.153777 0.007801 -0.003418 -0.061330 0.998081
1789532443.540276527 11.263463 2.449733 0.157663 0.007014 -0.006282 -0.062256 0.998016
1789532444.044593334 11.530520 2.411161 0.163872 0.005423 -0.008506 -0.061172 0.998076
1789532444.340718269 11.543292 2.405561 0.166321 0.007049 -0.004535 -0.061235 0.998088
1789532444.940339565 11.561189 2.394646 0.170353 0.007113 -0.004103 -0.063855 0.997925
1789532445.140491486 11.563782 2.391865 0.171089 0.007096 -0.003030 -0.064787 0.997869
1789532445.741095543 11.569365 2.385683 0.171035 0.007065 -0.001836 -0.068128 0.997650
1789532446.341087580 11.577701 2.382344 0.175059 0.007333 -0.005665 -0.070135 0.997494
1789532446.641017437 11.580279 2.381177 0.177422 0.007464 -0.007332 -0.071021 0.997420
1789532447.440752506 11.636210 2.365743 0.171916 0.005935 -0.010450 -0.074709 0.997133
1789532447.841126442 11.710211 2.352943 0.173349 0.005318 -0.014599 -0.073408 0.997181
1789532448.440135479 11.810171 2.331041 0.166918 0.016196 -0.001991 -0.085706 0.996187
1789532448.640772581 11.851996 2.322478 0.155333 0.013730 -0.007032 -0.063174 0.997883
1789532449.245157480 12.167740 2.276423 0.246982 -0.044713 -0.065940 -0.076328 0.993895
1789532449.840650320 12.439632 2.238427 0.305654 -0.021556 -0.103951 -0.067488 0.992056
1789532450.245073557 12.677122 2.236769 0.363767 -0.047134 -0.097047 -0.106146 0.988480
1789532450.541806459 12.692502 2.217668 0.403291 -0.009427 -0.101431 -0.098561 0.989903
1789532450.941996574 12.875530 2.187613 0.449252 -0.024837 -0.121034 -0.109997 0.986222
1789532451.640864372 13.235187 2.098605 0.559441 0.010114 -0.180758 -0.084988 0.979797
1789532452.140777349 13.567035 2.076177 0.649698 -0.011425 -0.160720 -0.106478 0.981173
1789532452.741545439 13.860799 2.077704 0.700401 -0.030468 -0.146774 -0.082032 0.985292
1789532453.441857576 13.942667 1.953885 0.668195 0.027208 -0.093639 -0.180257 0.978774
1789532454.141734600 13.929532 1.718938 0.711989 0.065579 -0.111501 -0.385895 0.913429
1789532454.541126490 14.091323 1.536692 0.782651 -0.033802 -0.135979 -0.288798 0.947081
1789532455.342460394 14.419493 1.517651 0.859786 -0.048587 -0.128851 -0.055195 0.988934
1789532455.741001606 14.557638 1.518371 0.969377 -0.003174 -0.115517 0.064637 0.991195
1789532456.440615416 14.915392 1.529772 1.083804 0.021039 -0.148223 0.040596 0.987896
1789532456.841164589 15.052595 1.496916 1.184720 -0.001001 -0.138205 0.031850 0.989891
1789532457.441409588 15.369802 1.436818 1.215227 -0.017935 -0.169658 0.030604 0.984864
1789532458.245809555 15.665461 1.451726 1.325071 -0.002392 -0.094329 0.156796 0.983113
1789532458.841634274 16.116415 1.570044 1.370339 0.011073 -0.153232 0.077406 0.985092
1789532459.245581388 16.259448 1.653760 1.491126 0.016966 -0.135722 0.102480 0.985287
1789532459.741705656 16.619278 1.771348 1.505096 0.074027 -0.106952 0.058115 0.989800
1789532460.341731310 16.687858 1.775364 1.529240 -0.023703 -0.095000 0.116960 0.988298
1789532460.941579342 17.079773 1.793854 1.534474 0.017321 -0.115276 0.077290 0.990171
1789532461.742767572 17.342093 2.040806 1.686323 -0.031869 -0.071653 0.127518 0.988731
1789532462.246172428 17.777341 2.068018 1.728898 0.068309 -0.106359 0.082648 0.988530
1789532462.841571331 18.092469 2.261626 1.845682 -0.043830 -0.035808 0.096057 0.993765
1789532463.441373587 18.434032 2.316193 1.913990 -0.001253 -0.019962 0.104520 0.994322
1789532464.045104265 18.640265 2.372207 1.955928 0.002026 -0.023582 0.105300 0.994159
1789532464.740876436 18.872599 2.412063 1.950714 0.004692 -0.020272 0.107395 0.993999
1789532465.441175461 19.119729 2.494353 1.966780 0.009411 -0.009181 0.130423 0.991371
1789532465.840949535 19.267781 2.543688 1.976808 -0.002644 -0.013551 0.195996 0.980507
1789532466.540755510 19.494125 2.652245 1.994291 0.011338 -0.009813 0.204229 0.978808
1789532467.340389490 19.651213 2.716530 2.004814 0.014620 -0.010041 0.213737 0.976730
1789532467.840577364 19.902784 2.811767 2.017926 0.010049 -0.007771 0.227462 0.973704
1789532468.641300440 20.124479 2.913915 2.031334 -0.001716 -0.034109 0.418080 0.907768
1789532469.045146465 20.203225 2.986199 2.028434 0.001119 -0.030656 0.471994 0.881068
1789532469.840826273 20.473933 3.227088 1.990044 0.030961 -0.011424 0.350262 0.936070
1789532470.245458603 20.611393 3.313762 1.975995 0.025949 -0.016993 0.339414 0.940126
1789532470.640819550 20.698696 3.386889 1.949358 0.000156 -0.012956 0.364643 0.931057
1789532471.245428324 20.944240 3.538461 1.956741 0.056209 -0.103482 0.345025 0.931177
1789532471.941513300 20.992105 3.628578 2.067754 0.048815 -0.124332 0.410406 0.902067
1789532472.440764666 21.087129 3.803201 2.159956 0.069169 -0.119329 0.438032 0.888315
1789532473.142287493 21.111401 4.090565 2.342456 0.020237 -0.093149 0.445765 0.890061
1789532473.540855646 21.245275 4.181726 2.399977 0.061120 -0.114851 0.388773 0.912101
1789532474.141898394 21.601897 4.325002 2.395617 0.060918 -0.102621 0.273349 0.954483
1789532474.740956545 21.781250 4.393042 2.492486 0.045913 -0.065937 0.227480 0.970462
1789532475.440535545 22.098420 4.618194 2.530418 0.040235 -0.132626 0.330264 0.933658
1789532475.741216660 22.123914 4.630610 2.548719 0.055125 -0.139338 0.311592 0.938327
1789532476.441742182 22.274080 4.691126 2.614734 0.113112 -0.118184 0.335191 0.927839
1789532477.044681549 22.457335 4.861479 2.707691 0.051964 -0.109405 0.342250 0.931770
1789532477.641962528 22.688437 5.023034 2.749799 0.033180 -0.124873 0.363135 0.922735
1789532477.940801620 22.767175 5.103043 2.853065 0.070815 -0.171497 0.389955 0.901947
1789532478.541138649 23.037333 5.369349 2.897926 0.039831 -0.150462 0.407089 0.900030
1789532478.941490412 23.093553 5.346488 2.922204 0.081401 -0.127642 0.410496 0.899208
1789532479.740294456 23.223042 5.524477 3.078701 0.053134 -0.139783 0.383229 0.911467
1789532480.341474295 23.460409 5.745338 3.109927 0.093511 -0.103379 0.432047 0.891013
1789532480.941420555 23.452306 5.917646 3.184759 0.000858 -0.093469 0.503873 0.858705
1789532481.541151524 23.619674 6.080896 3.216612 0.019722 -0.024485 0.521878 0.852440
1789532482.044732332 23.643831 6.230205 3.238087 0.001659 -0.045583 0.631434 0.774087
1789532482.340689421 23.615069 6.243991 3.239875 0.000754 -0.038863 0.699106 0.713961
1789532483.140792370 23.572317 6.564086 3.262160 0.009027 -0.025087 0.670111 0.741782
1789532483.540691376 23.554313 6.690876 3.269586 0.002346 -0.027376 0.683007 0.729895
1789532484.140800476 23.520845 6.888564 3.277438 -0.000849 -0.034904 0.714314 0.698953
1789532484.840714693 23.429967 7.097024 3.287471 0.007394 -0.042165 0.777857 0.626982
1789532485.245566607 23.327814 7.189983 3.285323 0.005814 -0.029537 0.816900 0.575993
1789532485.840496540 23.225407 7.365965 3.289764 0.021752 -0.018952 0.795414 0.605380
1789532486.340263605 23.208654 7.497023 3.298756 0.031765 -0.011257 0.780019 0.624848
1789532486.641073704 23.279131 7.468264 3.292166 0.042547 -0.008568 0.687385 0.724996
1789532487.140536547 23.461681 7.368853 3.300534 0.025568 -0.022691 0.623497 0.781078
1789532487.840916634 23.690409 7.368197 3.303669 -0.002180 -0.037797 0.632952 0.773265
1789532488.540347576 23.706712 7.454370 3.297329 0.018825 -0.010223 0.560151 0.828113
1789532489.141322613 23.670928 7.524604 3.293557 0.026654 0.024007 0.574409 0.817782
1789532489.841212273 23.913297 7.817293 3.371291 0.024775 -0.065855 0.588941 0.805107
1789532490.141225338 24.113290 8.014600 3.438771 0.006962 -0.098924 0.561984 0.821181
1789532490.441688299 24.335373 8.194351 3.512217 -0.024091 -0.078928 0.613946 0.785022
1789532491.045487165 24.564117 8.760117 3.623942 0.015663 -0.163243 0.609007 0.776027
1789532491.542014360 24.343774 9.226511 3.627582 0.096372 -0.173558 0.501974 0.841791
1789532492.141999483 23.810138 9.401640 3.688852 0.105886 -0.135560 0.521605 0.835668
1789532492.245673418 23.722379 9.418600 3.677006 0.079524 -0.123299 0.535909 0.831430
1789532492.741827488 23.506187 9.409893 3.622679 0.115682 -0.049888 0.511984 0.849707
1789532492.941491604 23.390036 9.392424 3.596842 0.053683 -0.058557 0.526683 0.846342
1789532493.342605591 23.394004 9.397573 3.631164 0.035237 -0.090270 0.547973 0.830864
1789532493.542449474 23.469752 9.449341 3.672227 0.005032 -0.055876 0.575117 0.816145
1789532493.941281319 23.713706 9.587834 3.739329 0.054381 -0.086913 0.589202 0.801455
1789532494.044969320 23.771892 9.637376 3.757780 0.061083 -0.101537 0.582542 0.804117
1789532494.541208506 24.012427 9.903861 3.810431 0.068754 -0.128829 0.525800 0.837980
1789532495.141515493 24.087336 10.067967 3.950171 0.118276 -0.169730 0.510574 0.834576
1789532495.341132641 24.100145 10.138321 3.977257 0.105467 -0.160790 0.513921 0.836008
1789532495.840859413 24.201713 10.394825 3.981557 0.086789 -0.102732 0.506043 0.851959
1789532495.941087484 24.227524 10.430503 3.979982 0.101615 -0.097643 0.496219 0.856684
1789532496.341128349 24.175983 10.517997 3.967591 0.052106 -0.116572 0.488701 0.863057
1789532496.441989422 24.169164 10.522515 3.986661 0.026381 -0.139675 0.490861 0.859564
1789532496.741708279 24.131087 10.582771 3.967226 0.030325 -0.151433 0.538527 0.828334
1789532497.045451164 24.080990 10.691098 3.999039 -0.001877 -0.096989 0.603178 0.791686
1789532497.246309280 24.096598 10.765014 4.032537 0.049260 -0.091214 0.595248 0.796827
1789532497.640921593 24.162785 10.995806 4.066903 0.079503 -0.100905 0.589551 0.797450
1789532497.841179609 24.220118 11.121305 4.070007 0.100071 -0.086517 0.516502 0.846006
1789532498.341007471 24.251592 11.237292 4.196755 0.122375 -0.138315 0.511494 0.839206
1789532498.841021538 24.450767 11.490734 4.299706 0.062777 -0.131340 0.501358 0.852906
1789532499.045625210 24.581959 11.608383 4.319407 0.089403 -0.109851 0.490607 0.859794
1789532499.641954422 24.663483 11.775136 4.421876 0.057833 -0.123536 0.515833 0.845760
1789532499.841819286 24.633220 11.791986 4.404527 0.037319 -0.151975 0.535218 0.830092
1789532500.341484547 24.577767 11.972098 4.513557 -0.002356 -0.128471 0.630798 0.765234
1789532500.541893482 24.616116 12.140759 4.537986 0.052245 -0.122752 0.610415 0.780766
1789532501.246705294 24.681918 12.507417 4.582647 0.070009 -0.125149 0.473135 0.869241
1789532501.442366600 24.714409 12.559784 4.663197 0.059208 -0.175379 0.512878 0.838267
1789532502.041953564 24.875104 12.856447 4.702319 0.057846 -0.122781 0.552775 0.822203
1789532502.742448330 25.033604 13.150248 4.865905 0.107118 -0.162556 0.467080 0.862518
1789532502.842904329 25.048381 13.187186 4.882092 0.085454 -0.152633 0.462880 0.868989
1789532503.441516399 25.276500 13.509688 4.931765 0.107514 -0.105479 0.422205 0.893900
1789532503.741387606 25.264362 13.594594 4.942742 0.026429 -0.117781 0.431116 0.894186
1789532504.342018366 25.266213 13.730447 5.034418 0.018213 -0.095173 0.495987 0.862906
1789532504.541654348 25.306188 13.760661 5.065786 0.059796 -0.094295 0.500948 0.858245
1789532504.940704346 25.413400 13.900500 5.088055 0.059535 -0.130317 0.492273 0.858569
1789532505.045633316 25.473026 13.950747 5.082060 0.098631 -0.113609 0.474265 0.867432
1789532505.542166233 25.624954 14.110904 5.214802 0.087109 -0.152693 0.430273 0.885416
1789532505.742328405 25.696872 14.190902 5.243017 0.059839 -0.136447 0.435300 0.887871
1789532506.341942310 25.992825 14.450570 5.354210 0.092605 -0.157190 0.408278 0.894441
1789532506.840946436 26.185680 14.664992 5.478529 0.053681 -0.147698 0.391765 0.906545
1789532506.941114426 26.250800 14.724674 5.482478 0.056405 -0.146730 0.390323 0.907159
1789532507.141393185 26.419949 14.835624 5.515144 0.071774 -0.098727 0.384203 0.915145
1789532507.642570257 26.610812 15.059058 5.680812 0.036719 -0.057299 0.349596 0.934426
1789532507.941037416 26.736279 15.163762 5.722525 0.004715 -0.052128 0.362995 0.930320
1789532508.245579481 26.861201 15.308620 5.740428 0.031680 -0.049413 0.342655 0.937626
1789532508.540540695 26.995556 15.426221 5.747490 0.009502 -0.032778 0.342269 0.938982
1789532508.840788603 27.127590 15.554213 5.758575 0.019942 -0.020705 0.343227 0.938813
1789532509.045157433 27.206538 15.611424 5.769880 0.003258 -0.023798 0.340394 0.939976
1789532509.541024208 27.473528 15.785087 5.815475 -0.030376 -0.030443 0.383511 0.922534
1789532509.741621256 27.564040 15.865678 5.830145 -0.028981 -0.044779 0.452464 0.890186
1789532510.245269537 27.694823 16.088772 5.859211 -0.002366 -0.043021 0.522953 0.851272
1789532510.741418600 27.815054 16.293953 5.875455 -0.015871 -0.023198 0.520054 0.853671
1789532510.940635443 27.859345 16.383961 5.879321 -0.016304 -0.021229 0.518799 0.854477
1789532511.541414499 28.022249 16.742657 5.892249 -0.004141 -0.019959 0.519431 0.854269
1789532511.740623474 28.085387 16.871720 5.899065 0.005806 -0.022868 0.520442 0.853571
1789532512.340820551 28.294000 17.238590 5.924822 -0.015999 -0.013759 0.524138 0.851372
1789532513.045907259 28.543933 17.690338 5.957685 -0.017898 -0.018008 0.525939 0.850143
1789532513.540790558 28.719579 18.027214 5.982116 -0.016592 -0.018585 0.525885 0.850191
1789532513.940923214 28.870799 18.324572 6.002665 -0.018049 -0.013020 0.527633 0.849181
1789532514.641039610 29.119405 18.852163 6.033717 -0.019224 -0.012050 0.533311 0.845615
1789532515.341299295 29.347785 19.420091 6.062188 0.004731 -0.018033 0.538073 0.842692
1789532515.840532541 29.526214 19.807595 6.080233 -0.015530 -0.016795 0.545583 0.837744
1789532516.640921354 29.868511 20.403659 6.113829 0.000311 -0.022848 0.452857 0.891290
1789532517.245022297 30.118643 20.735412 6.144827 -0.015429 -0.029720 0.477417 0.878039
1789532517.640681267 30.267679 20.947559 6.162543 -0.013861 -0.028451 0.476486 0.878612
1789532518.441194534 30.594012 21.365234 6.195314 -0.022267 -0.024732 0.475387 0.879147
1789532519.341091394 31.050233 21.945804 6.227448 0.000248 -0.015472 0.392556 0.919598
1789532519.840938568 31.314771 22.220940 6.263510 0.033438 -0.013971 0.326504 0.944501
1789532520.340954542 31.664702 22.374436 6.290256 0.002071 -0.028525 0.237884 0.970872
1789532520.940600395 32.076021 22.576074 6.315895 -0.016989 -0.031481 0.269857 0.962236
1789532521.541092396 32.414181 22.768791 6.332129 -0.015098 -0.030107 0.291497 0.955979
1789532522.045925379 32.672456 22.891773 6.343589 -0.013407 -0.026874 0.277004 0.960399
1789532522.741245270 33.066773 23.158111 6.353350 -0.027916 -0.037074 0.353691 0.934210
1789532523.341024160 33.288454 23.374963 6.369684 -0.011378 -0.039238 0.346739 0.937072
1789532523.941072464 33.335354 23.492076 6.395304 0.016072 -0.054317 0.368254 0.927998
1789532524.542065382 33.592767 23.709294 6.448621 0.025811 -0.117171 0.293403 0.948430
1789532525.141544580 33.832588 23.870263 6.591367 0.055319 -0.151994 0.284130 0.945044
1789532525.742069244 34.244332 24.096728 6.710013 -0.013063 -0.036284 0.270285 0.962008
1789532526.341812372 34.620448 24.286553 6.745885 -0.024056 -0.026069 0.296478 0.954381
1789532527.041512489 34.957004 24.564537 6.768559 -0.017166 -0.023007 0.332485 0.942672
1789532527.741041422 35.238825 24.823332 6.794839 0.019125 -0.012687 0.332282 0.942901
1789532528.341562271 35.545377 25.026121 6.821561 -0.009506 -0.020195 0.333147 0.942611
1789532528.740723372 35.765410 25.185475 6.841138 -0.010325 -0.018139 0.335722 0.941730
1789532529.440999508 36.163126 25.498731 6.875476 -0.008519 -0.018210 0.338482 0.940758
1789532529.841509581 36.373782 25.703903 6.893209 -0.021610 -0.026108 0.396881 0.917244
1789532530.341577530 36.642350 25.946396 6.917485 -0.007564 -0.017486 0.357363 0.933771
1789532531.140946388 37.056413 26.321295 6.949575 -0.018513 -0.028609 0.402733 0.914683
1789532531.741174459 37.265596 26.548068 6.969564 -0.019628 -0.036162 0.429650 0.902058
1789532532.141373396 37.360597 26.663337 6.988025 -0.021615 -0.042395 0.452393 0.890548
1789532532.841568470 37.523397 26.861940 7.004484 -0.006864 -0.024258 0.427236 0.903789
1789532533.245727301 37.662940 27.035109 7.018411 -0.008463 -0.021445 0.426468 0.904209
1789532534.141569376 37.987045 27.418969 7.045756 -0.009160 -0.017720 0.425420 0.904776
1789532534.741198301 38.248892 27.738768 7.068745 -0.009951 -0.018682 0.431175 0.902020
1789532535.440983534 38.550768 28.118483 7.098223 -0.011726 -0.019500 0.433953 0.900648
1789532536.045251369 38.794558 28.438830 7.125945 -0.010295 -0.021919 0.433844 0.900663
1789532536.541257381 38.999876 28.732818 7.149096 0.000278 -0.018071 0.436986 0.899287
1789532536.941173553 39.173953 28.973780 7.164650 0.025075 -0.016644 0.440978 0.897013
1789532537.841727495 39.612808 29.373215 7.176348 -0.016279 -0.021348 0.442201 0.896514
1789532538.245205402 39.798742 29.598569 7.186369 -0.019764 -0.036410 0.442805 0.895660
1789532538.840724230 39.896481 29.711423 7.173898 -0.019699 -0.029229 0.412389 0.910326
1789532539.542552471 40.126933 29.940869 7.215597 -0.002150 -0.128707 0.408087 0.903822
1789532539.942524433 40.163168 30.010111 7.234935 0.011891 -0.107802 0.357138 0.927734
1789532540.641418695 40.264681 30.157827 7.367682 0.109559 -0.053432 0.247781 0.961117
1789532541.046000481 40.490462 30.341091 7.415622 0.021962 -0.156096 0.285227 0.945409
1789532541.641641378 40.684736 30.565973 7.536196 0.009281 -0.117796 0.420752 0.899448
1789532542.142093658 40.835052 30.715855 7.583119 0.047950 -0.025324 0.421317 0.905291
1789532542.741198540 40.949161 30.845365 7.595875 0.044860 -0.018002 0.429556 0.901745
1789532543.341649294 41.142250 31.083416 7.614027 0.037052 -0.008063 0.437644 0.898348
1789532543.940877199 41.364805 31.364692 7.634857 0.033445 -0.007730 0.442992 0.895868
1789532544.245661497 41.491717 31.521712 7.648349 0.035465 -0.009417 0.443344 0.895600
1789532544.841185570 41.763268 31.856771 7.676767 0.033378 -0.007514 0.446266 0.894246
1789532545.141316414 41.894462 32.021677 7.692505 0.032493 -0.004302 0.452223 0.891302
1789532545.641783476 42.108177 32.294930 7.714954 0.032080 -0.001196 0.454498 0.890169
1789532545.941308498 42.241014 32.461229 7.728498 0.031179 -0.000360 0.456427 0.889214
1789532546.541267395 42.534426 32.828529 7.752923 0.032274 -0.001065 0.465298 0.884565
1789532547.045281649 42.784146 33.150636 7.773581 0.032853 -0.002982 0.471665 0.881161
1789532547.741396666 43.128685 33.558739 7.790166 0.048639 0.000668 0.409076 0.911203
1789532548.141028643 43.336389 33.761035 7.801116 0.051518 -0.002954 0.391529 0.918718
1789532548.741142511 43.628681 34.036846 7.820435 0.056667 -0.004302 0.341317 0.938229
1789532549.341848373 43.909400 34.157193 7.824659 0.047216 -0.001773 0.183045 0.981968
1789532549.741515398 44.079127 34.228645 7.826640 0.039864 -0.000762 0.223735 0.973834
1789532550.441475391 44.386636 34.355551 7.827930 0.039676 0.001797 0.225572 0.973417
1789532551.045576334 44.682297 34.468809 7.832075 0.039632 0.004378 0.224727 0.973606
1789532551.541053295 44.908516 34.552622 7.836074 0.037714 0.007471 0.222070 0.974272
1789532551.841120243 45.068420 34.613986 7.839968 0.036382 0.008875 0.221554 0.974429
1789532552.441305161 45.411269 34.747329 7.846749 0.037728 0.009415 0.216944 0.975409
1789532552.740949631 45.617428 34.827390 7.851631 0.039232 0.004846 0.215390 0.975728
1789532553.541360378 46.291902 35.106261 7.873599 0.044550 0.005688 0.211118 0.976428
1789532553.841099501 46.507085 35.190813 7.879956 0.050651 0.007329 0.196386 0.979190
1789532554.440672398 46.967242 35.315400 7.883344 0.066484 0.009629 0.128158 0.989476
1789532554.941361666 47.360708 35.391141 7.885220 0.065391 0.005592 0.078108 0.994782
1789532555.244780540 47.594621 35.422824 7.892568 0.068678 0.005909 0.072830 0.994959
1789532555.841731310 48.032861 35.363295 7.890978 0.062879 0.000339 -0.120345 0.990739
1789532556.341814280 48.304565 35.184160 7.863846 0.051053 0.010216 -0.320429 0.945841
1789532556.840962648 48.546721 34.983749 7.836439 0.041509 0.018374 -0.341227 0.938884
1789532557.441544533 48.865513 34.726498 7.808830 0.038788 0.028517 -0.327701 0.943554
1789532558.046108484 49.209447 34.453119 7.782652 0.039647 0.025996 -0.316171 0.947517
1789532558.541281462 49.473946 34.224258 7.755764 0.053647 0.020701 -0.368677 0.927777
1789532559.046096325 49.705915 33.945820 7.735060 0.048882 0.016118 -0.439563 0.896736
1789532559.641286373 49.953990 33.592790 7.697555 0.047541 0.016914 -0.461525 0.885691
1789532560.340871334 50.203904 33.176349 7.663942 0.045819 0.020036 -0.522963 0.850887
1789532560.941868305 50.326343 32.830237 7.631093 0.037420 0.017761 -0.641706 0.765831
1789532561.740970373 50.416530 32.501481 7.606252 0.035275 0.028754 -0.619890 0.783368
1789532562.245973349 50.452064 32.308096 7.582076 0.018793 0.034219 -0.540236 0.840607
1789532562.441442490 50.487997 32.240171 7.587663 0.009122 0.022044 -0.485236 0.874058
1789532563.045474291 50.645978 32.063279 7.562826 0.023162 0.013126 -0.369065 0.929022
1789532563.541911602 50.800155 31.892909 7.548809 0.032011 0.021884 -0.386625 0.921421
1789532564.141447306 51.051643 31.625656 7.525600 0.032006 0.023515 -0.396660 0.917106
1789532564.741889477 51.278520 31.344959 7.490899 0.045999 0.042944 -0.415988 0.907190
1789532565.246018648 51.341808 31.267196 7.493433 0.025136 0.030675 -0.395671 0.917536
1789532565.741373539 51.445517 31.185662 7.488065 -0.008252 -0.047199 -0.416060 0.908074
1789532566.246108294 51.618543 30.982536 7.536339 -0.025747 -0.125407 -0.371155 0.919703
1789532566.842330456 51.921718 30.649451 7.595035 0.023167 -0.023172 -0.367821 0.929319
1789532567.641646624 52.264092 30.302067 7.541753 0.072455 0.128261 -0.393061 0.907636
1789532568.140693426 52.431706 30.098703 7.418510 0.082644 0.167396 -0.367218 0.911208
1789532568.741571426 52.667819 29.866780 7.290949 0.119301 0.173913 -0.410966 0.886921
1789532569.245466232 52.813578 29.691582 7.233407 0.079517 0.077770 -0.514089 0.850495
1789532569.541620493 52.882392 29.525239 7.198337 0.075108 0.061414 -0.573019 0.813779
1789532570.141817570 52.924522 29.217981 7.152492 0.048760 0.032744 -0.679044 0.731744
1789532570.741291523 52.964741 29.020189 7.110320 0.042934 0.028838 -0.733881 0.677306
1789532571.341589689 52.939616 28.619890 7.090336 0.041722 0.023672 -0.747709 0.662291
1789532571.742099524 52.892014 28.379857 7.084123 0.050107 0.017754 -0.788420 0.612836
1789532572.441975594 52.659263 27.997964 7.058601 -0.049203 -0.027496 0.876194 -0.478651
1789532573.046550274 52.475183 27.691791 7.001149 -0.026797 -0.022610 0.886358 -0.461671
1789532573.641036272 52.270080 27.461312 6.963445 -0.032255 -0.039060 0.890249 -0.452649
1789532574.246181488 52.134261 27.303578 6.936215 -0.029997 -0.053839 0.867470 -0.493658
1789532574.941994667 52.035711 27.101408 6.903591 0.023935 0.033368 -0.755684 0.653648
1789532575.542220354 52.014350 26.924510 6.886364 0.034655 0.040633 -0.772465 0.632808
1789532575.941195250 51.963983 26.696046 6.869084 0.062190 0.017351 -0.740610 0.668826
1789532576.541262388 51.985290 26.478647 6.853062 0.035296 0.025804 -0.674942 0.736574
1789532576.941141605 52.016069 26.349635 6.831505 0.016211 0.033995 -0.630291 0.775445
1789532577.841468573 52.146065 26.081228 6.826694 0.024368 0.016526 -0.421928 0.906151
1789532578.245727539 52.304413 25.997759 6.828444 0.023838 -0.005793 -0.337191 0.941117
1789532579.046065331 52.623292 25.818544 6.812265 0.028863 -0.021347 -0.299477 0.953428
1789532579.441545486 52.481758 25.871439 6.841614 -0.015353 -0.048653 -0.291756 0.955131
1789532580.042167425 52.500930 25.710278 6.911009 -0.033062 -0.201613 -0.412330 0.887830
1789532580.642697573 52.734852 25.467107 6.821049 0.007349 0.009717 -0.484006 0.874980
1789532581.141306400 52.894991 25.295388 6.804731 0.023997 -0.005844 -0.460319 0.887410
1789532581.641214371 53.007660 25.036908 6.767916 0.028775 -0.003556 -0.493501 0.869262
1789532582.441277504 53.084312 24.734749 6.772873 0.030333 -0.002947 -0.475720 0.879069
1789532582.842025518 53.144841 24.542279 6.800390 0.044124 -0.028953 -0.493061 0.868392
1789532583.441648483 53.405788 24.247349 6.787078 0.031174 0.020891 -0.439169 0.897620
1789532584.141762495 53.737680 24.026383 6.631431 0.072191 0.198965 -0.309983 0.926883
1789532584.741838217 53.926807 23.911427 6.582416 0.088297 0.161005 -0.292085 0.938598
1789532585.441931486 54.095466 23.789548 6.547767 0.049411 0.021317 -0.309956 0.949227
1789532586.045383453 54.218463 23.660249 6.568573 0.063189 0.001819 -0.314180 0.947257
1789532586.341629267 54.308825 23.604355 6.574494 0.054612 0.001363 -0.387941 0.920064
1789532586.941555500 54.423668 23.460789 6.572479 0.040859 0.006131 -0.408947 0.911622
1789532587.341793299 54.514916 23.353513 6.569545 0.047736 -0.005662 -0.450580 0.891441
1789532588.045480251 54.635442 23.061573 6.538752 0.063994 0.006637 -0.590943 0.804144
1789532588.841620207 54.798372 22.717211 6.509473 0.043071 -0.005621 -0.578052 0.814843
1789532589.245818615 54.844091 22.572855 6.502815 0.057804 0.003059 -0.598787 0.798814
1789532589.841310501 54.899951 22.383830 6.478045 0.072672 0.007907 -0.556290 0.827767
1789532590.340799332 54.971930 22.303617 6.480611 0.011724 -0.018148 -0.551283 0.834039
1789532591.142356396 55.130302 21.681384 6.435751 0.010123 0.004247 -0.465825 0.884809
1789532591.642099380 55.294357 21.372973 6.427628 0.080703 -0.014296 -0.486687 0.869723
1789532592.441822290 55.464151 20.894609 6.363330 0.086092 0.028550 -0.605976 0.790295
1789532592.942071438 55.497351 20.574412 6.299111 0.090796 0.022337 -0.599404 0.794967
1789532593.541850567 55.575563 20.252521 6.241442 0.083582 0.040991 -0.614754 0.783206
1789532594.141545296 55.683557 19.899836 6.175666 0.048871 0.040388 -0.554858 0.829526
1789532594.742036581 55.708705 19.606808 6.158724 0.084178 -0.008468 -0.528022 0.845006
1789532595.340979338 55.816722 19.416108 6.157213 0.030028 -0.024477 -0.479547 0.876661
1789532595.942646503 55.942769 19.067224 6.122504 0.036296 -0.031504 -0.485375 0.872984
1789532596.342564583 56.088570 18.848780 6.154565 0.015199 -0.033588 -0.487485 0.872353
1789532597.141391516 56.275535 18.423779 6.157603 0.023696 -0.017713 -0.468883 0.882765
1789532597.741988659 56.426918 18.137627 6.190299 -0.005678 -0.039705 -0.495430 0.867721
1789532598.246293306 56.578110 17.935169 6.209289 -0.003656 -0.040478 -0.515075 0.856181
1789532598.842428684 56.737662 17.544689 6.255894 -0.012572 -0.051058 -0.570836 0.819378
1789532599.642571449 56.979031 17.137926 6.311924 -0.015932 -0.033322 -0.605200 0.795216
1789532600.141564608 57.099278 16.793627 6.342383 -0.017373 -0.051203 -0.618220 0.784143
1789532600.942561388 57.275093 16.156693 6.341928 0.042217 0.026184 -0.608235 0.792201
1789532601.342861652 57.454652 15.801112 6.306445 0.034210 0.034725 -0.507723 0.860140
1789532601.941780329 57.856586 15.366165 6.260287 0.045837 0.022720 -0.371756 0.926920
1789532602.541989565 58.297223 14.910557 6.227162 0.058777 0.028877 -0.381499 0.922047
1789532603.045731544 58.666352 14.532452 6.197308 0.060729 0.028738 -0.380222 0.922452
1789532603.641206503 59.093364 14.032310 6.144422 0.071480 0.022020 -0.447190 0.891306
1789532603.941187382 59.278852 13.747052 6.113786 0.064502 0.013814 -0.469879 0.880263
1789532604.542205334 59.651262 13.263561 6.068651 0.065773 0.022626 -0.472796 0.878422
1789532604.841824293 59.802221 13.009846 6.043234 0.064210 0.017137 -0.517890 0.852862
1789532605.541280508 60.035905 12.382934 5.985932 0.050115 0.029789 -0.601795 0.796520
1789532606.245278358 60.281256 11.656439 5.915853 0.051702 0.034021 -0.589135 0.805661
1789532606.641703367 60.403659 11.236801 5.870348 0.049088 0.038501 -0.589825 0.805117
1789532607.341529369 60.694326 10.492844 5.801926 0.030087 0.042769 -0.512188 0.857280
1789532607.941755295 61.041566 9.886288 5.756111 0.026653 0.038283 -0.482459 0.874676
1789532608.542146206 61.459727 9.367486 5.727394 0.023262 0.021819 -0.410086 0.911489
1789532609.046099424 61.829910 9.018368 5.701304 0.038098 0.029274 -0.388070 0.920377
1789532609.641277552 62.235386 8.589129 5.674060 0.050302 0.029092 -0.420593 0.905387
1789532610.246046543 62.655225 8.139613 5.644207 0.052767 0.026720 -0.412266 0.909142
1789532610.841437578 63.070943 7.689498 5.612704 0.057627 0.024027 -0.419210 0.905740
1789532611.442197561 63.474335 7.204345 5.575477 0.062396 0.019402 -0.440579 0.895333
1789532612.046014309 63.791763 6.763590 5.542073 0.060424 0.021139 -0.455903 0.887724
1789532612.742033482 64.171191 6.277283 5.511451 0.049391 0.010358 -0.442843 0.895178
1789532613.141827583 64.358342 6.003854 5.487127 0.059493 0.019661 -0.469477 0.880719
1789532613.941216230 64.657048 5.345419 5.440324 0.058441 0.004655 -0.589578 0.805581
1789532614.341935396 64.681095 5.007619 5.413120 0.051371 0.025453 -0.651597 0.756396
1789532615.046662569 64.771135 4.400863 5.367986 0.038050 0.036306 -0.614418 0.787226
1789532615.642125368 64.870297 3.985650 5.335883 0.036657 0.034730 -0.603536 0.795735
1789532615.941408396 64.913378 3.763393 5.316801 0.039662 0.034061 -0.620997 0.782067
1789532616.441802502 64.983488 3.398330 5.284650 0.041187 0.035620 -0.627976 0.776325
1789532616.742221594 65.028511 3.162078 5.263800 0.039804 0.036286 -0.632977 0.772294
1789532617.342227459 65.159318 2.690428 5.228241 0.030064 0.024221 -0.600299 0.798843
1789532617.741748571 65.241095 2.429227 5.207922 0.025963 0.035915 -0.587088 0.808309
1789532618.542014599 65.450223 1.909963 5.169456 0.025632 0.037845 -0.552031 0.832570
1789532618.741660357 65.504832 1.781695 5.158883 0.026413 0.037106 -0.543362 0.838262
1789532619.141355515 65.616268 1.548865 5.144846 0.025166 0.034395 -0.523433 0.851000
1789532619.541801453 65.728586 1.352733 5.125975 0.026034 0.034748 -0.512041 0.857863
1789532620.045716524 65.855641 1.078465 5.110731 0.036475 0.031748 -0.554218 0.830966
1789532620.841884375 66.083986 0.603400 5.090008 0.041479 0.031027 -0.553916 0.830960
1789532621.442143202 66.256672 0.220012 5.069321 0.043676 0.034163 -0.549772 0.833473
1789532622.046800613 66.447643 -0.206731 5.041296 0.045405 0.035212 -0.546093 0.835752
1789532622.641878605 66.649406 -0.668826 5.007056 0.041852 0.018283 -0.543981 0.837854
1789532623.046050549 66.768338 -0.988115 4.980216 0.043172 0.032459 -0.536103 0.842423
1789532623.841456413 66.918646 -1.463112 4.936054 0.039443 0.027656 -0.560068 0.827045
1789532624.743033409 67.143602 -2.026638 5.036920 -0.029375 0.013786 -0.636653 0.770467
1789532625.246786356 67.154026 -2.306362 5.070135 -0.044364 -0.069756 -0.675086 0.733092
1789532626.047425270 67.123238 -2.738638 5.122245 0.043307 -0.013843 -0.789319 0.612298
1789532626.542415380 66.984539 -3.092679 5.112236 0.026396 0.036503 -0.789157 0.612538
1789532627.141100407 66.921270 -3.557912 5.075385 0.026098 0.030278 -0.721590 0.691166
1789532627.741298437 66.926647 -3.996791 5.024060 0.025914 0.045751 -0.702633 0.709607
1789532628.342032433 66.947643 -4.226714 5.038595 -0.004729 0.010782 -0.701434 0.712637
1789532628.943011522 66.997884 -4.596071 5.077983 -0.048577 -0.065434 -0.744704 0.662401
1789532629.442951679 67.086547 -4.563060 5.113994 -0.089831 -0.065137 -0.721384 0.683588
1789532630.246767282 66.897903 -4.600996 5.185328 -0.062768 -0.132584 -0.717792 0.680629
1789532630.842844486 66.726570 -4.878135 5.165017 -0.014720 -0.058274 -0.839547 0.539952
1789532631.443958521 66.740163 -5.293988 5.259849 0.021945 -0.024439 -0.809975 0.585544
1789532632.042316675 66.529643 -5.680331 5.211571 0.092954 -0.007920 -0.810277 0.578574
1789532632.841966391 66.180241 -6.427685 5.098520 0.049603 0.019701 -0.791729 0.608536
1789532633.141716480 66.103529 -6.716759 5.058199 0.051914 0.015696 -0.785668 0.616266
1789532633.841436386 65.908963 -7.336373 4.968427 0.060202 -0.009879 -0.825941 0.560446
1789532634.341307163 65.823060 -7.573285 4.938055 -0.086911 0.027122 0.900999 -0.424160
1789532635.142343521 65.776322 -7.610387 4.899995 -0.083514 -0.016496 0.991737 -0.095979
1789532635.642064571 65.452763 -7.683961 4.837379 -0.032435 -0.013070 0.992896 -0.113732
1789532636.441971540 64.891780 -7.792449 4.723362 -0.026259 -0.022930 0.991179 -0.127859
1789532636.842198372 64.625316 -7.874806 4.679263 -0.035292 -0.024090 0.990053 -0.134051
1789532637.246868372 64.359590 -7.964844 4.637727 -0.037592 -0.019451 0.989104 -0.141002
1789532637.641942263 64.104110 -8.058060 4.596012 -0.034617 -0.017481 0.988402 -0.146827
1789532638.142365456 63.810624 -8.151251 4.542894 -0.035340 -0.014942 0.986586 -0.158671
1789532638.842397213 63.472614 -8.251310 4.466240 -0.089201 -0.036289 0.977048 -0.190011
1789532639.441561699 63.036183 -8.375588 4.383338 -0.041446 -0.018348 0.983847 -0.173180
1789532640.045901537 62.581472 -8.507814 4.301271 -0.037099 -0.017288 0.983539 -0.175997
1789532640.741865635 62.143038 -8.614351 4.211968 -0.035812 -0.019728 0.983352 -0.177049
1789532641.441835642 61.671205 -8.764482 4.115938 -0.033469 -0.033199 0.973566 -0.223487
1789532642.142084360 61.288627 -8.914876 4.025534 -0.031265 -0.032149 0.970374 -0.237410
1789532642.742047548 60.940591 -9.061855 3.952021 -0.033093 -0.028484 0.973647 -0.223843
1789532643.342226505 60.589124 -9.216372 3.877813 -0.035122 -0.029402 0.971521 -0.232484
1789532643.941615582 60.204651 -9.397143 3.801500 -0.039586 -0.028301 0.971287 -0.232880
1789532644.541816473 59.793662 -9.593215 3.723190 -0.038737 -0.021899 0.975311 -0.216304
1789532645.046381474 59.417414 -9.784061 3.656464 -0.039228 -0.019044 0.975650 -0.214955
1789532645.741731167 58.888950 -9.985494 3.554964 -0.044613 -0.006253 0.989344 -0.138449
1789532646.341845512 58.445795 -10.102879 3.476013 -0.093496 -0.014873 0.988274 -0.119800
1789532647.046129465 57.763094 -10.205351 3.339661 -0.032868 -0.006804 0.995713 -0.086193
1789532647.542021513 57.379441 -10.276009 3.265281 -0.030581 -0.020649 0.991242 -0.126798
1789532647.742362499 57.248707 -10.316584 3.240832 -0.032212 -0.021135 0.990268 -0.133735
1789532648.142362356 56.981557 -10.398724 3.186787 -0.035133 -0.019926 0.990206 -0.133641
1789532648.741799355 56.536550 -10.525484 3.089073 -0.039528 -0.027968 0.990100 -0.131746
1789532649.246198177 56.133497 -10.648302 3.006125 -0.038796 -0.016759 0.995997 -0.078767
1789532649.441979170 55.970297 -10.690885 2.977707 -0.037740 -0.010645 0.997783 -0.053777
1789532650.046914577 55.504733 -10.778109 2.891497 -0.062166 -0.008583 0.998020 0.004318
1789532650.246733189 55.338344 -10.809360 2.874667 -0.090991 -0.014145 0.994906 -0.041031
1789532650.742088318 54.873054 -10.913933 2.804332 -0.039941 -0.021227 0.995617 -0.081856
1789532651.246186256 54.426581 -11.005560 2.727695 -0.030945 -0.023376 0.994184 -0.100466
1789532651.841889381 53.990339 -11.092009 2.641353 -0.042269 -0.027150 0.991813 -0.117405
1789532652.342011213 53.643282 -11.171577 2.573152 -0.093712 -0.031800 0.986792 -0.128250
1789532652.841553211 53.249349 -11.265678 2.492137 -0.045710 -0.023194 0.989748 -0.133309
1789532653.441539526 52.709142 -11.388399 2.381976 -0.034975 -0.025989 0.989582 -0.137216
1789532654.046119452 52.197509 -11.512672 2.274916 -0.036267 -0.028907 0.989241 -0.138750
1789532654.541959286 51.757660 -11.639241 2.191410 -0.038190 -0.029496 0.988538 -0.143050
1789532655.142596483 51.214987 -11.805931 2.090514 -0.040303 -0.032460 0.987997 -0.145546
1789532655.441937447 50.949870 -11.897428 2.043811 -0.042115 -0.027766 0.987779 -0.147471
1789532656.046833277 50.409895 -12.064837 1.941131 -0.039430 -0.029933 0.987497 -0.149665
1789532656.642089367 49.863284 -12.233427 1.840060 -0.037713 -0.032375 0.987157 -0.151823
1789532657.046703577 49.483109 -12.367053 1.775877 -0.036228 -0.027941 0.986990 -0.154133
1789532657.541938543 49.017383 -12.530048 1.692622 -0.039431 -0.023922 0.986511 -0.157066
1789532658.246408463 48.391175 -12.719429 1.564926 -0.093240 -0.031540 0.982153 -0.160270
1789532658.842430592 47.757985 -12.913555 1.439688 -0.046586 -0.030687 0.984358 -0.167114
1789532659.341426373 47.231445 -13.101662 1.336785 -0.042985 -0.029657 0.983923 -0.170789
1789532659.842631340 46.732956 -13.295574 1.236635 -0.044186 -0.029673 0.983435 -0.173273
1789532660.342591524 46.258834 -13.482089 1.139397 -0.041551 -0.029032 0.983097 -0.175931
1789532660.941634417 45.681476 -13.692713 1.018636 -0.039281 -0.030570 0.982927 -0.177135
1789532661.542638540 45.076819 -13.908829 0.898912 -0.032954 -0.029015 0.982450 -0.181283
1789532662.142201424 44.482682 -14.133773 0.785264 -0.034014 -0.028108 0.981938 -0.183988
1789532662.642073393 44.032721 -14.325558 0.699147 -0.047833 -0.027487 0.981038 -0.185796
1789532663.142353535 43.588993 -14.522106 0.616352 -0.089963 -0.021591 0.978125 -0.186314
1789532663.741884470 42.918859 -14.766061 0.494365 -0.042556 -0.007021 0.989515 -0.137837
1789532664.341903448 42.270979 -14.930451 0.378490 -0.033274 -0.014223 0.986599 -0.159100
1789532665.046460390 41.568447 -15.141015 0.243318 -0.036140 -0.019913 0.983642 -0.175344
1789532665.642008305 41.006568 -15.330107 0.134608 -0.040056 -0.020536 0.982627 -0.180052
1789532666.246528387 40.407756 -15.547116 0.019272 -0.047365 -0.022269 0.981550 -0.183901
1789532666.842439413 39.857900 -15.764256 -0.090805 -0.041065 -0.021647 0.980826 -0.189274
1789532667.341985464 39.407576 -15.950240 -0.174519 -0.035692 -0.017912 0.981737 -0.186006
1789532667.941880226 38.890240 -16.172952 -0.278876 -0.046868 -0.016707 0.982247 -0.180875
1789532668.541615248 38.370388 -16.384527 -0.385986 -0.096892 -0.010792 0.980524 -0.170492
1789532669.141623259 37.755446 -16.585362 -0.507070 -0.048452 -0.013082 0.983346 -0.174675
1789532669.941891193 36.951584 -16.799653 -0.673936 -0.035921 -0.020896 0.983746 -0.174692
1789532670.342020273 36.566774 -16.939477 -0.743217 -0.037923 -0.014746 0.983204 -0.177917
1789532671.142206192 35.784784 -17.210175 -0.892426 -0.040341 -0.019560 0.982089 -0.183004
1789532671.542634249 35.414302 -17.367417 -0.955721 -0.041918 -0.017146 0.981639 -0.185295
1789532672.141970634 34.869312 -17.597672 -1.053366 -0.038285 -0.017149 0.981258 -0.188075
1789532672.641900539 34.387130 -17.812347 -1.135041 -0.034390 -0.016231 0.980508 -0.192762
1789532673.246305466 33.822648 -18.071938 -1.233998 -0.039479 -0.016603 0.979342 -0.197624
1789532673.842688560 33.280962 -18.320342 -1.333235 -0.089451 -0.011451 0.975889 -0.198767
1789532674.542565584 32.536380 -18.589123 -1.480013 -0.039731 -0.019791 0.978502 -0.201402
1789532675.141829491 31.931847 -18.834073 -1.604547 -0.038929 -0.016978 0.979723 -0.195806
1789532675.742280483 31.322832 -19.018710 -1.720598 -0.036768 -0.010528 0.988351 -0.147308
1789532676.246758461 30.848395 -19.207494 -1.803399 -0.035381 -0.012964 0.984351 -0.172140
1789532676.841872454 30.295606 -19.430427 -1.905638 -0.038477 -0.015836 0.983617 -0.175402
1789532677.441907644 29.723754 -19.667725 -2.015123 -0.039830 -0.012675 0.985900 -0.162034
1789532678.046675444 29.106541 -19.854065 -2.130753 -0.033791 -0.000587 0.996025 -0.082409
1789532678.542070389 28.635318 -19.975718 -2.213621 -0.038821 0.003419 0.998189 -0.045815
1789532679.141973495 28.050857 -20.083144 -2.300893 -0.087190 0.005644 0.994011 -0.065642
1789532679.841984510 27.303006 -20.267086 -2.409414 -0.035258 -0.022213 0.991685 -0.121758
1789532680.246706486 26.949800 -20.390264 -2.464312 -0.035032 -0.017557 0.990996 -0.128029
1789532680.741973400 26.527399 -20.543245 -2.534188 -0.042745 -0.006517 0.992683 -0.112744
1789532681.441970348 25.940198 -20.674240 -2.646429 -0.036641 -0.000412 0.996469 -0.075546
1789532681.942175388 25.553085 -20.750194 -2.716412 -0.034172 0.001777 0.997458 -0.062496
1789532682.541955233 25.127414 -20.802809 -2.800675 -0.032102 -0.000169 0.998219 -0.050274
1789532683.246684313 24.639061 -20.835908 -2.903156 -0.034975 -0.002267 0.998909 -0.030868
1789532683.842553377 24.220198 -20.864535 -2.982426 -0.084331 0.003818 0.996160 -0.023220
1789532684.442303419 23.735213 -20.871424 -3.067404 -0.024876 -0.004229 0.999645 -0.008558
1789532684.941816568 23.406665 -20.825146 -3.131421 -0.021908 -0.013495 0.998181 0.054528
1789532685.342139482 23.113221 -20.806957 -3.176597 -0.029932 -0.019078 0.999153 0.020841
1789532685.842144489 22.672413 -20.776899 -3.241398 -0.033973 -0.020534 0.999128 0.012979
1789532686.441442251 22.111688 -20.750371 -3.327755 -0.035088 -0.030542 0.998571 -0.026316
1789532686.942149401 21.665745 -20.777616 -3.400075 -0.032269 -0.035456 0.996848 -0.063209
1789532687.542165279 21.196943 -20.831265 -3.486885 -0.039157 -0.038243 0.993579 -0.099020
1789532688.141937256 20.764664 -20.894398 -3.557133 -0.087568 -0.024859 0.993679 -0.065703
1789532688.742583513 20.321617 -20.894476 -3.622481 -0.086750 -0.025729 0.993578 -0.067934
1789532689.342469692 19.859010 -20.997417 -3.704831 -0.088443 -0.025569 0.989259 -0.113535
1789532690.046638489 19.318713 -21.118778 -3.800291 -0.093429 -0.007713 0.994124 -0.054119
1789532690.542193651 18.928526 -21.185119 -3.867282 -0.088991 -0.006161 0.994361 -0.057342
1789532691.142529488 18.431184 -21.266715 -3.949103 -0.090315 -0.006755 0.994012 -0.061140
1789532691.641956568 17.989970 -21.335155 -4.018273 -0.091549 -0.006889 0.993546 -0.066622
1789532691.942218542 17.710569 -21.377367 -4.060379 -0.091926 -0.008050 0.993341 -0.068986
1789532692.542513371 17.127693 -21.476121 -4.151764 -0.092886 -0.007280 0.992829 -0.074893
1789532692.842488527 16.833511 -21.527618 -4.195947 -0.087506 -0.009021 0.992915 -0.079885
1789532693.542035341 16.139603 -21.654198 -4.313121 -0.088690 -0.006000 0.992325 -0.085959
1789532694.142630339 15.551309 -21.754294 -4.413421 -0.091336 -0.002241 0.991747 -0.089948
1789532694.742727280 14.944338 -21.854825 -4.510686 -0.090349 -0.003421 0.991307 -0.095580
1789532695.246820211 14.412547 -21.949048 -4.594714 -0.092348 -0.005248 0.990854 -0.098243
1789532695.842030287 13.752356 -22.076364 -4.702005 -0.090417 -0.005565 0.990246 -0.105861
1789532696.542850494 12.985842 -22.241501 -4.828090 -0.090954 -0.002998 0.989765 -0.109926
1789532697.047205448 12.458728 -22.360102 -4.911415 -0.088159 -0.003581 0.989215 -0.116916
1789532697.642302275 11.836511 -22.513154 -5.008468 -0.088968 -0.006525 0.988766 -0.119937
1789532698.246946335 11.179504 -22.692512 -5.112976 -0.080660 -0.004065 0.988894 -0.124767
1789532698.842444420 10.542846 -22.829714 -5.214649 -0.085890 0.003103 0.994167 -0.065150
1789532699.247297287 10.112722 -22.886362 -5.280851 -0.084310 0.006297 0.996023 -0.028115
1789532699.942162514 9.345534 -22.906896 -5.397057 -0.087275 0.004771 0.996172 0.001103
1789532700.642366409 8.618222 -22.966063 -5.503698 -0.088095 -0.006508 0.992147 -0.088549
1789532701.046647549 8.185226 -23.032170 -5.568481 -0.088585 -0.009544 0.991122 -0.098683
1789532701.742785692 7.459019 -23.178149 -5.686155 -0.085648 -0.002367 0.992560 -0.086502
1789532702.342499495 6.840886 -23.231150 -5.789620 -0.080570 0.006827 0.996662 -0.011290
1789532703.046598434 6.113635 -23.181446 -5.903861 -0.088104 -0.000058 0.995256 0.041264
1789532703.642927408 5.496445 -23.126292 -5.987991 -0.087209 -0.015564 0.995730 -0.025960
1789532704.442494392 4.691833 -23.118425 -6.113006 -0.086144 -0.017607 0.995662 -0.030449
1789532704.841963291 4.303444 -23.120719 -6.167794 -0.088285 -0.014661 0.995503 -0.031047
1789532705.442209482 3.702826 -23.127269 -6.256728 -0.090314 -0.013628 0.995325 -0.031410
1789532706.046479464 3.076997 -23.142391 -6.351669 -0.091252 -0.015168 0.995139 -0.033797
1789532706.642968655 2.454405 -23.182227 -6.445899 -0.081176 -0.010807 0.996056 -0.034134
1789532707.142281294 1.907203 -23.214860 -6.528874 -0.082308 -0.006828 0.996570 0.005198
1789532707.742197514 1.288437 -23.183396 -6.625274 -0.082541 -0.002176 0.993744 0.075206
1789532708.442022562 0.576211 -23.065412 -6.732438 -0.075823 -0.001173 0.990699 0.112986
1789532709.142852545 -0.106437 -22.849344 -6.817297 -0.080724 -0.014351 0.988972 0.123334
1789532709.542875528 -0.503408 -22.748839 -6.866145 -0.085340 -0.025757 0.992525 0.083350
1789532710.246545315 -1.235108 -22.651408 -6.974947 -0.086769 -0.031642 0.995717 0.004142
1789532711.047061443 -2.059317 -22.652206 -7.106870 -0.079548 -0.022789 0.996541 0.007707
1789532711.642173290 -2.644552 -22.585436 -7.190842 -0.087500 -0.030310 0.995650 -0.010307
1789532712.142813444 -3.127118 -22.596928 -7.264326 -0.087463 -0.037979 0.991493 -0.088596
1789532712.742549419 -3.710018 -22.590297 -7.347218 -0.088627 -0.024282 0.995705 -0.011248
1789532713.341833353 -4.280303 -22.574827 -7.433969 -0.089299 -0.023606 0.995663 -0.011098
1789532713.942882299 -4.826228 -22.559563 -7.520166 -0.090911 -0.022479 0.995601 0.003054
1789532714.542924166 -5.370914 -22.541065 -7.604665 -0.081472 -0.016427 0.996540 -0.000038
1789532715.246652603 -5.981401 -22.531967 -7.700745 -0.093661 -0.020553 0.995383 -0.004197
1789532715.642260313 -6.354090 -22.529147 -7.757866 -0.096005 -0.019011 0.995199 0.000368
1789532716.442399263 -7.121508 -22.520630 -7.883772 -0.094544 -0.011505 0.995426 -0.007445
1789532716.942295313 -7.614585 -22.528507 -7.961257 -0.094109 -0.009949 0.995467 0.009436
1789532717.541930676 -8.194056 -22.500445 -8.056132 -0.090657 -0.001685 0.994065 0.060110
1789532718.142556667 -8.760445 -22.480342 -8.141211 -0.080863 -0.002265 0.996438 0.023820
1789532718.742671490 -9.292325 -22.478030 -8.222097 -0.089398 -0.009899 0.995842 0.014416
1789532719.246701479 -9.743470 -22.441027 -8.294642 -0.089020 -0.006457 0.992781 0.080123
1789532720.046588421 -10.456729 -22.398199 -8.400206 -0.090089 -0.020185 0.995673 0.010624
1789532720.442581415 -10.796796 -22.380989 -8.449516 -0.091444 -0.019550 0.995618 0.000552
1789532721.046443224 -11.335437 -22.332129 -8.534681 -0.079563 -0.011980 0.995753 0.044741
1789532721.742031574 -11.986681 -22.172515 -8.645048 -0.084567 -0.010099 0.989160 0.119622
1789532722.342883348 -12.546261 -21.989770 -8.731146 -0.077608 -0.014915 0.983922 0.160165
1789532722.842994452 -13.011001 -21.814904 -8.790735 -0.070491 -0.013783 0.977111 0.200238
1789532723.442521572 -13.544679 -21.579219 -8.866406 -0.075495 -0.013946 0.976679 0.200510
1789532723.942572594 -13.976909 -21.396845 -8.926931 -0.085357 -0.040503 0.982254 0.162024
1789532724.741930485 -14.625228 -21.173981 -9.020844 -0.082637 -0.039361 0.982120 0.164504
1789532725.142268181 -14.931475 -21.063692 -9.057725 -0.080320 -0.035792 0.982750 0.162697
1789532725.642606258 -15.322728 -20.931558 -9.105123 -0.082102 -0.036684 0.983718 0.155605
1789532726.247366428 -15.831841 -20.764482 -9.173631 -0.086660 -0.033886 0.984271 0.150175
1789532727.047355413 -16.482136 -20.552596 -9.266899 -0.084756 -0.031761 0.985791 0.141504
1789532727.541825533 -16.905589 -20.418084 -9.323858 -0.085698 -0.034996 0.987366 0.128609
1789532728.142797470 -17.428547 -20.266871 -9.395133 -0.083927 -0.034901 0.988347 0.122099
1789532728.743104458 -17.954728 -20.110257 -9.470721 -0.075855 -0.017949 0.985046 0.153649
1789532729.246581316 -18.376005 -19.922205 -9.527335 -0.082084 -0.028919 0.983865 0.156321
1789532729.942618370 -18.971131 -19.700661 -9.610437 -0.084830 -0.038642 0.986428 0.135169
1789532730.442341566 -19.404683 -19.538370 -9.672560 -0.090050 -0.043188 0.985535 0.136918
1789532731.142756701 -20.019718 -19.310478 -9.772752 -0.088158 -0.030443 0.973654 0.208084
1789532731.742922306 -20.512464 -19.066997 -9.849584 -0.077303 -0.009423 0.960665 0.266568
1789532732.247277498 -20.899768 -18.817023 -9.901249 -0.072596 -0.026916 0.955361 0.285114
1789532732.842308283 -21.324461 -18.474936 -9.941777 -0.065022 -0.030187 0.943818 0.322598
1789532733.342977285 -21.656376 -18.209965 -9.974726 -0.081010 -0.038561 0.958173 0.271763
1789532733.942671299 -22.077127 -17.917547 -10.026043 -0.081466 -0.040904 0.959826 0.265374
1789532734.642393589 -22.599567 -17.573987 -10.092640 -0.081749 -0.041013 0.960970 0.261095
1789532735.247206688 -22.970289 -17.351117 -10.137462 -0.074079 -0.047165 0.962233 0.257673
1789532735.642465591 -22.994422 -17.337590 -10.142876 -0.081512 -0.045472 0.961705 0.257705
1789532736.342148304 -23.255320 -17.188614 -10.182920 -0.078207 -0.045694 0.961761 0.258479
1789532736.943016291 -23.450051 -17.065098 -10.220696 -0.076996 -0.039021 0.952341 0.292566
1789532737.742264509 -23.731672 -16.854506 -10.275986 -0.073019 -0.035860 0.942623 0.323797
1789532738.142454624 -23.879896 -16.738922 -10.297089 -0.074260 -0.038175 0.944810 0.316800
1789532738.642582417 -24.059153 -16.603190 -10.322026 -0.077052 -0.043316 0.952419 0.291692
1789532739.142992496 -24.244013 -16.469357 -10.349812 -0.081508 -0.046847 0.956143 0.277401
1789532739.942508459 -24.593928 -16.224742 -10.405118 -0.084040 -0.049255 0.954468 0.281961
1789532740.247036457 -24.756127 -16.111308 -10.426452 -0.083025 -0.051635 0.953329 0.285663
1789532740.942796469 -25.099781 -15.870395 -10.474463 -0.076787 -0.051419 0.955467 0.280254
1789532741.642601490 -25.406782 -15.689843 -10.517706 -0.074019 -0.047333 0.956667 0.277613
1789532742.142925262 -25.665439 -15.545748 -10.553261 -0.069836 -0.029200 0.956803 0.280711
1789532742.942704439 -26.044655 -15.218407 -10.612131 -0.073625 -0.044109 0.941272 0.326559
1789532743.542060375 -26.345271 -14.983164 -10.648389 -0.080257 -0.052900 0.953819 0.284588
1789532744.142224312 -26.659628 -14.767495 -10.691059 -0.083249 -0.055600 0.955647 0.276980
1789532744.743096352 -27.004515 -14.549730 -10.740245 -0.084496 -0.056073 0.955077 0.278468
1789532745.246939182 -27.285167 -14.360444 -10.781447 -0.074618 -0.046335 0.943867 0.318434
1789532745.842275381 -27.601343 -14.080729 -10.826456 -0.069383 -0.045554 0.923478 0.374566
1789532746.543095350 -27.987272 -13.713337 -10.874631 -0.067535 -0.044401 0.923830 0.374173
1789532747.046982527 -28.236990 -13.430104 -10.906886 -0.061502 -0.046611 0.909066 0.409443
1789532747.742779493 -28.579718 -13.060034 -10.940633 -0.073910 -0.056070 0.931830 0.350836
1789532748.342792511 -28.891372 -12.766527 -10.977773 -0.078425 -0.056008 0.934445 0.342818
1789532748.742617369 -29.073435 -12.579893 -11.000246 -0.067756 -0.046690 0.919624 0.384085
1789532749.143017292 -29.218852 -12.402071 -11.018250 -0.062796 -0.047538 0.900106 0.428493
1789532749.842691422 -29.455645 -12.065730 -11.047759 -0.072349 -0.053064 0.904210 0.417557
1789532750.442731380 -29.670662 -11.792656 -11.077250 -0.073986 -0.056207 0.908343 0.407773
1789532751.046786547 -29.911207 -11.519148 -11.109591 -0.078544 -0.065925 0.925422 0.364801
1789532751.642730474 -30.160334 -11.221782 -11.141469 -0.076041 -0.057405 0.914163 0.393990
1789532752.142712593 -30.393939 -10.953263 -11.173200 -0.079989 -0.058168 0.914877 0.391431
1789532752.842795372 -30.718896 -10.652330 -11.225069 -0.078633 -0.045050 0.927159 0.363543
1789532753.442880392 -30.950138 -10.382684 -11.260050 -0.073367 -0.053869 0.920118 0.380918
1789532754.046763420 -31.219321 -10.077227 -11.299612 -0.077845 -0.051973 0.919688 0.381330
1789532754.643016338 -31.482776 -9.777361 -11.337960 -0.078151 -0.051637 0.919636 0.381439
1789532755.342804432 -31.820747 -9.404933 -11.384489 -0.077936 -0.052113 0.919073 0.382773
1789532755.542784691 -31.918738 -9.296874 -11.396283 -0.077583 -0.052723 0.919218 0.382412
1789532756.247418404 -32.272843 -8.919387 -11.442891 -0.075156 -0.053900 0.920075 0.380668
1789532756.642834663 -32.473644 -8.699079 -11.464609 -0.072623 -0.057872 0.919049 0.383049
1789532757.142340660 -32.733491 -8.410520 -11.495253 -0.072762 -0.058127 0.921592 0.376822
1789532757.942693472 -33.150626 -7.968885 -11.555166 -0.075664 -0.054591 0.918606 0.384002
1789532758.343298435 -33.350023 -7.758664 -11.582559 -0.076060 -0.052983 0.919874 0.381104
1789532759.046894312 -33.664453 -7.376709 -11.634500 -0.065731 -0.042996 0.889632 0.449873
1789532759.443050385 -33.804900 -7.138287 -11.646302 -0.059009 -0.053279 0.863606 0.497859
1789532760.047258377 -34.047199 -6.790427 -11.674983 -0.067999 -0.062845 0.888500 0.449438
1789532760.442498446 -34.224554 -6.555096 -11.696749 -0.068830 -0.059479 0.888311 0.450143
1789532761.142887354 -34.469191 -6.096771 -11.731083 -0.052723 -0.016834 0.834309 0.548513
1789532761.642755270 -34.622686 -5.755088 -11.752647 -0.046672 -0.016112 0.824127 0.564249
1789532762.247528315 -34.797641 -5.349432 -11.771258 -0.058974 -0.023774 0.859000 0.508012
1789532762.942445278 -35.011165 -4.912823 -11.799463 -0.058330 -0.025396 0.863529 0.500271
1789532763.442415237 -35.186230 -4.579663 -11.819541 -0.058127 -0.026138 0.863952 0.499525
1789532763.942987204 -35.367735 -4.226598 -11.840103 -0.056461 -0.025634 0.865271 0.497455
1789532764.742272377 -35.652398 -3.672893 -11.875792 -0.056960 -0.026589 0.868795 0.491166
1789532765.143196344 -35.792607 -3.413163 -11.888368 -0.058997 -0.027291 0.870999 0.486965
1789532765.642683268 -35.960803 -3.101215 -11.904613 -0.062651 -0.027378 0.869585 0.489026
1789532766.247376680 -36.159672 -2.727722 -11.926500 -0.063473 -0.026321 0.870611 0.487151
1789532766.843286276 -36.365916 -2.352190 -11.953230 -0.062094 -0.027418 0.872347 0.484152
1789532767.542616606 -36.615478 -1.899190 -11.986170 -0.062962 -0.027229 0.871995 0.484684
1789532768.046672583 -36.798005 -1.573889 -12.007631 -0.062691 -0.025857 0.874092 0.481003
1789532768.543077707 -36.988280 -1.241880 -12.031148 -0.062613 -0.025349 0.872065 0.484705
1789532769.047682285 -37.184232 -0.903392 -12.057999 -0.054386 -0.020557 0.863672 0.500689
1789532769.642458200 -37.351384 -0.495457 -12.076474 -0.029890 -0.019354 0.794460 0.606272
1789532769.942060471 -37.404615 -0.283603 -12.078995 -0.048504 -0.027921 0.815619 0.575876
1789532770.542485476 -37.553803 0.132527 -12.091790 -0.058368 -0.033357 0.816640 0.573219
1789532770.743243456 -37.599609 0.281070 -12.095603 -0.056263 -0.033522 0.816621 0.573447
1789532771.342949629 -37.733114 0.709387 -12.108127 -0.057145 -0.034616 0.814520 0.576275
1789532771.842755556 -37.846245 1.059453 -12.119222 -0.057085 -0.035021 0.815645 0.574664
1789532772.142712593 -37.913071 1.263278 -12.125476 -0.057241 -0.034990 0.814850 0.575776
1789532772.742783546 -38.055656 1.673988 -12.140840 -0.060221 -0.037988 0.816053 0.573574
1789532773.046907425 -38.128108 1.874413 -12.149330 -0.062444 -0.035854 0.813848 0.576599
1789532773.642152548 -38.266859 2.263392 -12.167378 -0.061374 -0.034520 0.811924 0.579501
1789532774.247665167 -38.403378 2.666142 -12.186300 -0.056690 -0.033809 0.810352 0.582213
1789532774.842952251 -38.548204 3.088663 -12.204229 -0.054415 -0.035815 0.811256 0.581051
1789532775.542996645 -38.739656 3.596735 -12.230621 -0.056169 -0.036039 0.809962 0.582672
1789532775.942861319 -38.837925 3.874090 -12.252503 -0.043451 -0.024738 0.774762 0.630273
1789532776.642862320 -38.863300 4.360910 -12.270998 -0.043375 -0.038320 0.688494 0.722929
1789532776.842886209 -38.871713 4.500247 -12.275463 -0.043786 -0.035908 0.689345 0.722217
1789532777.342646599 -38.908730 4.827297 -12.284084 -0.051819 -0.034457 0.736784 0.673258
1789532777.943089485 -38.914254 5.181896 -12.291108 -0.043688 -0.041395 0.710551 0.701067
1789532778.442730427 -38.925715 5.498608 -12.294698 -0.047886 -0.041712 0.711900 0.699403
1789532778.942509413 -38.939994 5.838459 -12.300532 -0.053042 -0.036477 0.719319 0.691691
1789532779.742050409 -38.978471 6.412240 -12.312119 -0.060748 -0.043701 0.733730 0.675308
1789532780.142968416 -39.033625 6.702166 -12.326922 -0.064793 -0.048784 0.776846 0.624446
1789532780.743501425 -39.087180 7.094128 -12.332498 -0.056462 -0.036176 0.741096 0.668042
1789532781.443234205 -39.154721 7.525688 -12.344035 -0.060005 -0.042521 0.783987 0.616405
1789532782.047946453 -39.230450 7.851879 -12.350964 -0.055109 -0.045790 0.793115 0.604843
1789532782.643354416 -39.315629 8.177443 -12.356678 -0.055663 -0.045591 0.790567 0.608135
1789532782.942720175 -39.362108 8.345994 -12.360185 -0.057537 -0.043019 0.789572 0.609438
1789532783.543472528 -39.458218 8.705479 -12.370907 -0.060591 -0.037385 0.785517 0.614730
1789532784.048101664 -39.546268 9.047208 -12.384650 -0.061861 -0.031161 0.781995 0.619424
1789532784.542560577 -39.632404 9.400022 -12.398591 -0.061655 -0.030955 0.783481 0.617574
1789532785.143029690 -39.741867 9.848256 -12.417563 -0.060446 -0.031264 0.784651 0.616191
1789532785.743003607 -39.822581 10.307128 -12.438308 -0.045555 -0.023866 0.751137 0.658141
1789532786.342829466 -39.884314 10.765757 -12.447819 -0.055563 -0.032639 0.772606 0.631607
1789532787.142762423 -39.989504 11.327318 -12.466836 -0.057884 -0.034291 0.778528 0.623993
1789532787.642909288 -40.069161 11.685778 -12.482596 -0.059006 -0.029876 0.780215 0.622006
1789532788.247395277 -40.156943 12.125780 -12.508602 -0.042434 -0.020842 0.748016 0.661995
1789532788.843426228 -40.183310 12.579774 -12.516236 -0.047286 -0.032031 0.742518 0.667387
1789532789.442135334 -40.225303 13.019844 -12.529500 -0.054321 -0.033201 0.752605 0.655387
1789532790.047122478 -40.264605 13.447343 -12.542222 -0.055540 -0.038846 0.758128 0.648574
1789532790.542669535 -40.297220 13.804662 -12.554027 -0.045420 -0.035393 0.733234 0.677534
1789532791.247774363 -40.280097 14.300974 -12.564977 -0.031220 -0.027684 0.662145 0.748213
1789532792.047035456 -40.229726 14.872098 -12.556608 -0.052842 -0.046273 0.695911 0.714685
1789532792.542759657 -40.214231 15.229922 -12.561325 -0.044782 -0.044568 0.666131 0.743154
1789532793.047810555 -40.170984 15.591190 -12.568206 -0.033252 -0.043388 0.609694 0.790750
1789532793.743187666 -40.084195 16.095748 -12.566113 -0.018521 -0.057225 0.517638 0.853483
1789532794.247282267 -39.910396 16.384185 -12.550654 -0.011252 -0.037698 0.445840 0.894248
1789532794.942510366 -39.659150 16.808757 -12.524929 -0.059162 -0.068783 0.554329 0.827338
1789532795.742892504 -39.463512 17.297044 -12.501212 -0.054131 -0.067221 0.564221 0.821100
1789532796.247727394 -39.368232 17.608002 -12.490276 -0.050952 -0.070638 0.584270 0.806872
1789532797.047698498 -39.251790 18.036696 -12.472572 -0.053483 -0.069773 0.615320 0.783360
1789532797.443107367 -39.190141 18.257440 -12.464052 -0.054300 -0.067074 0.613445 0.785009
1789532798.143097401 -39.047377 18.695309 -12.442875 -0.041616 -0.063141 0.593061 0.801598
1789532798.743669271 -38.917872 19.096759 -12.424367 -0.040313 -0.062370 0.604594 0.793065
1789532799.247943163 -38.826054 19.439646 -12.416020 -0.046306 -0.056959 0.610351 0.788722
1789532799.943494320 -38.662668 19.859248 -12.400878 -0.030932 -0.039433 0.559248 0.827484
1789532800.542918682 -38.461445 20.199736 -12.368508 -0.042628 -0.064174 0.569032 0.818699
1789532801.143535614 -38.317707 20.565306 -12.343937 -0.038763 -0.064908 0.575500 0.814300
1789532801.742595434 -38.161056 20.931401 -12.329665 -0.018232 -0.055755 0.502177 0.862773
1789532802.247894287 -37.973043 21.195718 -12.302208 -0.011264 -0.068689 0.405743 0.911333
1789532802.742745399 -37.723659 21.377482 -12.270306 -0.017887 -0.077274 0.323299 0.942967
1789532803.343029499 -37.423510 21.615554 -12.233608 -0.026185 -0.070980 0.344146 0.935863
1789532803.943119287 -37.135548 21.837906 -12.202967 -0.028313 -0.067005 0.343760 0.936236
1789532804.542705297 -36.847784 22.044099 -12.176706 -0.013432 -0.060945 0.315477 0.946879
1789532805.143348217 -36.563950 22.176260 -12.148535 0.010704 -0.074113 0.192100 0.978514
1789532805.643064499 -36.286602 22.250985 -12.131673 -0.005493 -0.063236 0.172199 0.983015
1789532806.342933416 -35.883987 22.400307 -12.095258 -0.009657 -0.061098 0.177308 0.982210
1789532806.943266630 -35.491799 22.573958 -12.056597 -0.004886 -0.059303 0.169348 0.983758
1789532807.643053293 -35.069759 22.655979 -12.010135 0.025834 -0.077149 -0.002137 0.996683
1789532808.443269491 -34.613040 22.626135 -11.960964 0.005429 -0.072439 -0.009366 0.997314
1789532808.942625523 -34.370131 22.599424 -11.936248 0.002591 -0.072955 -0.007181 0.997306
1789532809.543115377 -34.106596 22.580730 -11.914091 0.001702 -0.067955 -0.007570 0.997658
1789532810.142555475 -33.737855 22.564932 -11.874874 0.003449 -0.041388 -0.008280 0.999103
1789532810.742391586 -33.380957 22.497702 -11.842990 0.015771 -0.069471 -0.060314 0.995634
1789532811.247116566 -33.122578 22.391030 -11.808743 0.026334 -0.053143 -0.210687 0.975753
1789532811.842691660 -32.879446 22.229988 -11.792665 0.014736 -0.068512 -0.232984 0.969952
1789532812.442905664 -32.576874 22.062287 -11.762868 0.015318 -0.065221 -0.246390 0.966852
1789532812.943177462 -32.353947 21.933194 -11.743463 0.016084 -0.064812 -0.260863 0.963063
1789532813.543077707 -32.104106 21.781680 -11.721145 0.025791 -0.065316 -0.291969 0.953846
1789532814.143563271 -31.923856 21.591399 -11.698800 0.023196 -0.048148 -0.393142 0.917923
1789532814.942398310 -31.661571 21.290314 -11.669813 0.030572 -0.065296 -0.417572 0.905779
1789532815.343449354 -31.530798 21.138020 -11.665450 0.051230 -0.033506 -0.419072 0.905887
1789532815.943333387 -31.352495 20.962541 -11.752825 0.090799 0.081008 -0.402198 0.907430
1789532816.544000387 -31.172120 20.772197 -11.870261 0.131688 0.174185 -0.391009 0.894108
1789532817.343817472 -30.925190 20.518223 -11.992717 0.128619 0.161491 -0.389120 0.897755
1789532817.643613577 -30.825821 20.396967 -12.062557 0.163963 0.163191 -0.391820 0.890484
1789532818.344109535 -30.545701 20.090311 -12.265991 0.146879 0.156880 -0.417718 0.882795
1789532818.844182491 -30.370362 19.898045 -12.374062 0.133522 0.139814 -0.418457 0.887422
1789532819.344327450 -30.219136 19.719718 -12.401373 0.091322 0.053467 -0.433934 0.894708
1789532820.144605637 -29.972577 19.323131 -12.382931 0.038150 -0.042516 -0.511229 0.857544
1789532820.643864393 -29.770175 19.058128 -12.364935 0.024882 -0.055506 -0.456700 0.887539
1789532820.943267345 -29.669900 18.932318 -12.359254 0.035227 -0.058572 -0.482151 0.873418
1789532821.342725515 -29.572711 18.801031 -12.352679 0.037095 -0.060835 -0.482713 0.872875
1789532822.247272491 -29.395180 18.518259 -12.332954 0.033890 -0.061206 -0.475789 0.876773
1789532822.742756367 -29.315030 18.381426 -12.324838 0.034469 -0.061322 -0.472486 0.878526
1789532823.342887640 -29.241857 18.225294 -12.314930 0.030771 -0.057324 -0.468260 0.881192
1789532823.842828274 -29.193298 18.106307 -12.305476 0.018432 -0.027872 -0.465650 0.884338
1789532824.442830324 -29.095385 17.992608 -12.286355 0.031004 -0.062715 -0.465199 0.882437
1789532825.047579527 -29.026223 17.892525 -12.269167 0.032675 -0.062332 -0.463973 0.883049
1789532825.343242645 -28.997845 17.842488 -12.260677 0.031816 -0.061532 -0.463665 0.883298
1789532825.943166494 -28.942741 17.734762 -12.238544 0.035153 -0.051608 -0.461670 0.884851
1789532826.442890406 -28.844281 17.576757 -12.213198 0.034493 -0.052475 -0.461160 0.885092
1789532827.047993422 -28.556188 17.185636 -12.249687 0.056802 -0.014964 -0.455481 0.888306
1789532827.643103600 -28.426297 17.012854 -12.343157 0.108272 0.102901 -0.442947 0.884017
1789532828.343968391 -28.220639 16.725390 -12.488318 0.134946 0.185086 -0.437286 0.869663
1789532828.743146181 -28.044687 16.514504 -12.632659 0.148004 0.162333 -0.454235 0.863373
1789532829.443650484 -27.808249 16.188122 -12.783171 0.177335 0.145419 -0.510053 0.829006
1789532830.048458338 -27.632610 15.933368 -12.923715 0.158725 0.150871 -0.499137 0.838395
1789532830.544167519 -27.506979 15.721040 -13.065000 0.157273 0.147575 -0.503939 0.836380
1789532831.248572588 -27.418712 15.496379 -13.079916 0.103512 0.077546 -0.528249 0.839181
1789532831.643749237 -27.330770 15.339374 -13.097630 0.039844 0.028239 -0.544662 0.837233
1789532832.143144369 -27.251787 15.069767 -13.134368 0.022405 -0.028009 -0.542686 0.839169
1789532832.943274498 -27.072302 14.698442 -13.118494 0.027482 -0.031103 -0.532740 0.845260
1789532833.543252707 -26.920655 14.391661 -13.108154 0.025382 -0.033209 -0.522951 0.851337
1789532834.247615576 -26.729203 13.993730 -13.098861 0.027589 -0.036129 -0.521858 0.851820
1789532834.643336535 -26.631433 13.787633 -13.093931 0.023626 -0.035202 -0.511093 0.858479
1789532835.442985535 -26.392352 13.289596 -13.073855 0.036155 -0.036860 -0.538914 0.840777
1789532835.843196630 -26.310552 12.982404 -13.058343 0.039456 -0.038196 -0.636650 0.769195
1789532836.444130421 -26.257120 12.594973 -13.167744 0.124578 0.079955 -0.625448 0.766095
1789532836.943416357 -26.187522 12.322677 -13.278794 0.183258 0.157042 -0.613162 0.752188
1789532837.544123411 -26.120622 12.022630 -13.419629 0.186833 0.158752 -0.628725 0.737968
1789532838.048630238 -26.079270 11.761893 -13.560303 0.202330 0.158996 -0.634625 0.728720
1789532838.544951200 -26.049042 11.473152 -13.708332 0.201808 0.183625 -0.641190 0.717238
1789532838.944347620 -26.046151 11.236803 -13.803720 0.194011 0.171583 -0.648102 0.716158
1789532839.445332289 -26.041141 10.978865 -13.955037 0.188030 0.139797 -0.662787 0.711207
1789532840.144510508 -26.028675 10.704070 -13.991296 0.081218 0.039638 -0.686874 0.721136
1789532840.544897556 -26.022030 10.401698 -13.941054 0.028141 -0.028361 -0.669588 0.741657
1789532841.143442631 -25.975188 10.021249 -13.924730 0.033714 -0.031085 -0.670454 0.740532
1789532841.843347311 -26.016579 9.514384 -13.937914 0.039532 -0.036162 -0.742749 0.667422
1789532842.743726254 -26.062588 8.901353 -13.960418 0.039057 -0.032748 -0.729684 0.681882
1789532843.247962236 -26.098416 8.593401 -13.965831 0.036506 -0.031623 -0.727159 0.684768
1789532843.843305588 -26.141495 8.222049 -13.962513 0.038284 -0.024658 -0.726027 0.686157
1789532844.444332361 -26.161202 7.863795 -14.043814 0.126076 0.058314 -0.715147 0.685033
1789532845.047306299 -26.173448 7.596369 -14.153835 0.199662 0.129151 -0.692584 0.681016
1789532845.344759464 -26.176417 7.494652 -14.169540 0.200494 0.135035 -0.687052 0.685221
1789532845.943692446 -26.194104 7.269312 -14.284632 0.239311 0.147176 -0.692360 0.664610
1789532846.543501616 -26.240242 7.000124 -14.433791 0.264098 0.149069 -0.736742 0.604352
1789532847.048760414 -26.254028 6.839097 -14.488987 0.223700 0.119936 -0.749723 0.611137
1789532847.643774509 -26.289919 6.586419 -14.664432 0.223566 0.117815 -0.751400 0.609538
1789532848.249302387 -26.324749 6.330506 -14.792470 0.202741 0.105646 -0.757733 0.611208
1789532848.844371557 -26.369040 6.145326 -14.822032 0.130251 0.055610 -0.774662 0.616313
1789532849.344643354 -26.443017 5.804433 -14.825729 0.038012 -0.024086 -0.791916 0.608969
1789532850.047860384 -26.559718 5.408512 -14.851940 0.033942 -0.026557 -0.790791 0.610567
1789532850.543220520 -26.640279 5.131943 -14.864566 0.041369 -0.018955 -0.789947 0.611484
1789532851.247927189 -26.757344 4.650907 -14.879194 0.029722 -0.022940 -0.777494 0.627769
1789532851.843726635 -26.780437 4.266599 -14.881625 0.020320 -0.032502 -0.708978 0.704188
1789532852.643555641 -26.834123 3.780515 -14.889825 0.032079 -0.029767 -0.731030 0.680940
1789532853.048353434 -26.859739 3.494659 -14.887474 0.030978 -0.026101 -0.727506 0.684905
1789532853.644044161 -26.859981 3.125732 -14.974419 0.124813 0.060891 -0.711459 0.688869
1789532854.544219494 -26.835653 2.734520 -15.110129 0.195553 0.130274 -0.692840 0.681734
1789532855.047154427 -26.830140 2.536356 -15.225325 0.211659 0.146289 -0.689340 0.677208
1789532855.643478632 -26.824689 2.350320 -15.347195 0.231502 0.188103 -0.679908 0.669888
1789532855.944578409 -26.825895 2.239843 -15.373076 0.210712 0.158766 -0.691560 0.672412
1789532856.544200659 -26.806338 1.953071 -15.538179 0.206470 0.136103 -0.700157 0.669796
1789532857.047926188 -26.789406 1.718769 -15.694538 0.205530 0.145347 -0.702308 0.665879
1789532857.743460655 -26.821099 1.501788 -15.759485 0.140617 0.085039 -0.728151 0.665426
1789532858.248987436 -26.829235 1.312779 -15.791157 0.074479 0.066036 -0.702210 0.704977
1789532858.743664503 -26.759040 0.979898 -15.796604 0.005566 -0.025718 -0.610478 0.791596
1789532859.543481350 -26.652041 0.555101 -15.812026 0.021979 -0.034880 -0.636164 0.770451
1789532859.943517208 -26.616901 0.344781 -15.812745 0.028028 -0.033144 -0.639770 0.767340
1789532860.843268394 -26.486356 -0.155904 -15.797579 0.006534 -0.028732 -0.565048 0.824532
1789532861.247783422 -26.415283 -0.339218 -15.778190 -0.002237 -0.037021 -0.531355 0.846337
1789532861.843906403 -26.252406 -0.491255 -15.762617 -0.001610 -0.042549 -0.395270 0.917578
1789532862.443930626 -26.064778 -0.605786 -15.720001 0.027632 -0.028656 -0.387170 0.921149
1789532863.247743368 -25.626677 -1.175052 -15.684777 0.053918 -0.042679 -0.492103 0.867817
1789532863.743751526 -25.428834 -1.362257 -15.794818 0.132273 0.085490 -0.458668 0.874539
1789532864.444252491 -25.242184 -1.648585 -15.883111 0.148424 0.184780 -0.433698 0.869329
1789532865.048497438 -25.056757 -1.915353 -16.049143 0.168480 0.193890 -0.422372 0.869266
1789532865.645222664 -24.874941 -2.157465 -16.161731 0.133971 0.153289 -0.417622 0.885520
1789532866.248946428 -24.730823 -2.361995 -16.286185 0.100783 0.125891 -0.412474 0.896582
1789532866.944997311 -24.586792 -2.566761 -16.338508 0.069675 0.072687 -0.426110 0.899051
1789532867.544174433 -24.274321 -2.971303 -16.288384 0.016533 -0.052281 -0.438816 0.896902
1789532868.343881369 -23.994287 -3.304560 -16.295353 0.017342 -0.055561 -0.449623 0.891320
1789532868.743159533 -23.879119 -3.430443 -16.298028 0.032397 -0.023546 -0.451139 0.891555
1789532869.247774601 -23.670655 -3.618002 -16.295176 0.017154 -0.022451 -0.407619 0.912715
1789532869.843084335 -23.318704 -4.009494 -16.256886 0.015532 -0.030273 -0.317060 0.947795
1789532870.643293381 -22.840549 -4.422760 -16.224749 -0.002943 -0.085702 -0.348297 0.933454
1789532871.247844696 -22.545291 -4.604834 -16.210618 0.013175 -0.040241 -0.326298 0.944318
1789532871.943913221 -22.271948 -4.743020 -16.190570 -0.010075 -0.044576 -0.243400 0.968849
1789532872.443111181 -21.948435 -4.822743 -16.141182 -0.008739 -0.058371 -0.087894 0.994380
1789532873.048528433 -21.329425 -5.044038 -16.067653 -0.021170 -0.055513 0.069674 0.995799
1789532873.643970490 -20.733304 -5.157834 -15.996500 -0.052209 -0.075902 0.063008 0.993752
1789532874.343197584 -20.153443 -5.078680 -15.934761 -0.037208 -0.067123 0.056398 0.995454
1789532874.943498611 -19.702367 -4.962786 -15.888258 -0.030072 -0.061373 0.056581 0.996056
1789532875.743865490 -19.089476 -4.788614 -15.821241 -0.019029 -0.054295 0.054294 0.996866
1789532876.143717527 -18.772237 -4.729835 -15.791317 -0.014782 -0.048029 0.056972 0.997110
1789532876.744000435 -18.255803 -4.674394 -15.732017 -0.029187 -0.059222 0.059147 0.996064
1789532877.443418503 -17.742058 -4.622044 -15.665509 -0.032183 -0.068123 0.058572 0.995436
1789532877.943653345 -17.379795 -4.578984 -15.621202 -0.029469 -0.064147 0.059586 0.995724
1789532878.643491268 -16.858803 -4.512762 -15.554726 -0.025735 -0.059785 0.066121 0.995686
1789532879.048553705 -16.542194 -4.460884 -15.519571 -0.039654 -0.064507 0.107657 0.991300
1789532879.643524408 -16.096512 -4.346321 -15.469825 -0.045003 -0.067215 0.133664 0.987720
1789532880.143742561 -15.715596 -4.258438 -15.428665 -0.053637 -0.067024 0.154853 0.984201
1789532880.443341494 -15.491396 -4.201567 -15.408847 -0.054953 -0.065208 0.163131 0.982912
1789532881.048249483 -15.012839 -4.049609 -15.361571 -0.054014 -0.066631 0.172833 0.981209
1789532881.342926264 -14.793614 -3.968484 -15.342373 -0.052745 -0.065494 0.174838 0.981000
1789532882.143137217 -14.203018 -3.771956 -15.270728 -0.035724 -0.060664 0.138110 0.987912
1789532882.544122219 -13.895558 -3.671480 -15.238687 -0.035091 -0.060465 0.137940 0.987970
1789532883.247682333 -13.318396 -3.483697 -15.173252 -0.017368 -0.050391 0.138038 0.988992
1789532883.743316650 -12.910693 -3.381166 -15.131227 -0.030386 -0.061939 0.142778 0.987347
1789532884.143822432 -12.582820 -3.293534 -15.100352 -0.035153 -0.061173 0.143657 0.987109
1789532884.843277693 -11.999664 -3.108421 -15.036680 -0.039186 -0.061376 0.148492 0.986229
1789532885.543526411 -11.432729 -2.931947 -14.976707 -0.018682 -0.062599 0.098310 0.993009
1789532886.048145294 -11.025587 -2.889759 -14.937216 -0.012388 -0.063315 0.036382 0.997253
1789532886.743287325 -10.472332 -2.815891 -14.869883 -0.019211 -0.065115 0.065479 0.995542
1789532887.143671274 -10.159045 -2.771335 -14.836734 -0.020038 -0.065671 0.063876 0.995593
1789532887.844173193 -9.612546 -2.704461 -14.769443 -0.017847 -0.067117 0.055375 0.996047
1789532888.544046640 -9.081451 -2.640958 -14.704052 -0.007963 -0.062931 0.027987 0.997594
1789532889.143567324 -8.630970 -2.592749 -14.649779 0.008000 -0.050359 0.023939 0.998412
1789532889.943098307 -7.994455 -2.595443 -14.571830 -0.006837 -0.074570 0.003689 0.997186
1789532890.443852425 -7.595004 -2.605268 -14.530480 -0.002472 -0.072898 -0.012637 0.997256
1789532891.048526287 -7.117294 -2.626119 -14.476850 -0.000917 -0.079417 -0.030632 0.996370
1789532891.643566370 -6.649835 -2.658371 -14.423261 -0.000396 -0.071243 -0.045893 0.996403
1789532892.247838259 -6.189439 -2.701132 -14.366198 -0.003623 -0.070350 -0.055698 0.995960
1789532892.843560219 -5.767521 -2.702611 -14.313563 -0.026809 -0.065210 0.013701 0.997417
1789532893.443552494 -5.380162 -2.663318 -14.271524 -0.045814 -0.064936 0.091852 0.992596
1789532894.047430515 -4.977348 -2.595676 -14.211766 -0.048177 -0.072173 0.133177 0.987286
1789532894.843800545 -4.496454 -2.448687 -14.153421 -0.031617 -0.061849 0.130628 0.988995
1789532895.343268633 -4.150850 -2.342631 -14.114597 -0.027413 -0.061672 0.129787 0.989242
1789532895.943712473 -3.726773 -2.199603 -14.067013 -0.011884 -0.052356 0.137558 0.989038
1789532896.543684483 -3.279096 -2.095108 -14.016997 -0.030552 -0.060644 0.121362 0.990283
1789532897.144179583 -2.841933 -2.001694 -13.970162 -0.022467 -0.063768 0.126279 0.989688
1789532897.843888283 -2.315433 -1.862838 -13.903909 -0.025602 -0.061153 0.127047 0.989679
1789532898.443822384 -1.874189 -1.735389 -13.849007 -0.026685 -0.060524 0.122679 0.990240
1789532899.248334408 -1.288695 -1.569006 -13.769781 -0.027038 -0.062798 0.120835 0.990315
1789532899.843484640 -0.973508 -1.474118 -13.729062 -0.028570 -0.063183 0.117637 0.990633
1789532900.443825483 -0.610455 -1.360959 -13.687863 -0.031226 -0.059451 0.115481 0.991037
1789532901.048565388 -0.097365 -1.183122 -13.629983 -0.030464 -0.058071 0.114498 0.991257
1789532901.643484592 0.366940 -0.942317 -13.581756 -0.024816 -0.052491 0.193197 0.979441
1789532902.444311380 0.751724 -0.562726 -13.538766 -0.040087 -0.062126 0.349881 0.933872
1789532902.943679333 0.879963 -0.328851 -13.518420 -0.031451 -0.061638 0.508970 0.857998
1789532903.543836355 1.075082 -0.105106 -13.489029 -0.042048 -0.043971 0.602509 0.795790
1789532904.143798590 1.266206 0.307008 -13.472378 -0.017410 -0.039242 0.536324 0.842919
1789532904.844094515 1.291252 0.462984 -13.469024 0.003157 -0.061019 0.292254 0.954387
1789532905.643756390 1.467369 0.610032 -13.460744 -0.012242 -0.044530 0.305933 0.950932
1789532906.143401384 1.654631 0.743386 -13.447371 -0.014251 -0.047616 0.307518 0.950243
1789532906.743607283 1.787869 0.837492 -13.439552 -0.014545 -0.049077 0.309054 0.949666
1789532907.544025660 1.839193 0.870059 -13.439274 -0.012248 -0.050449 0.308511 0.949803
